39084185
37459547
35557740
37482606
35585329
35591939
35587903
11064
31200902
11056
35586111
11069
35586830
32794878
35594230
31200505
35615555
39090117
37445801
31200372
31100039
31200421
30900230
39084078
37473753
31200825
35593026
37471344
31200001
11060
37455081
31200519
32794225
37471286
31201304
31200942
35556767
35562047
35557260
8545126
8537331
8549516
35568390
35595021
37432239
35563870
37473787
8539972
8531573
8522457
39088913
39083112
9184
9219
9151
9186
9143
9163
9175
9236
37452534
31200013
35565909
35556973
37449985
31100158
35561155
35595641
31200904
37462137
35556221
37458812
31200947
37480717
39087832
39084359
37445736
37478877
37480287
9213
9206
37471294
37483117
37471443
9177
35594453
35556189
9185
35562336
9187
9222
35590444
9167
37459059
37432627
37459349
37461907
37455198
31200213
39086933
39084011
37454068
35558441
32792021
37455206
31201073
35590477
35568192
37443467
35586749
8538529
31201065
35595385
11059
11051
11052
8539295
8535467
39088947
35588679
9140
37462236
39088848
31200600
37454845
32787443
39085026
37432593
8509421
35567897
35589271
35595419
37431520
35556205
37462145
8544683
37471385
37481467
31200402
8542941
37432775
35595336
31200939
35571865
37455446
8545326
37454225
35592697
31200089
37458655
32786098
35570883
31100081
37446338
32785892
35556957
8537992
32786551
31100083
39092204
9211
9172
9203
9193
37446544
39089622
35594602
9221
9195
9228
8527696
37452849
9188
8542958
31201166
37478414
35561692
9240
8528926
9157
9156
9161
35586657
35595666
31100046
37458598
37452872
37452427
37479305
31200138
35585170
31200931
32786577
30900154
37455214
37471450
8531862
11055
31200319
32786619
35566527
9212
9180
35590337
35556833
35590642
35556247
8538800
35590543
11068
11067
37451098
8540764
32793284
37431553
31200491
35560116
37473977
35583902
30900447
35589354
11054
11063
30900419
37455503
35592929
35592101
35569687
35593216
37462095
37452518
32793524
35586129
37479420
37432619
37459075
39092170
35565594
35565511
35614996
8544592
8540970
8544204
31201096
31201174
37462319
37490179
37474132
31200292
9233
35566451
9194
9218
8539121
37455099
35563888
35588059
8545019
8538057
31200761
37474777
8545839
9142
37455230
9224
39087972
37462178
9168
39086321
31200726
35583936
35587259
35594057
39086594
35590352
31200712
11065
11062
35594776
35588778
35571097
35572392
35593869
31100276
31200737
9190
9171
37455511
35609897
35593265
35592986
35586632
8535251
35592317
9158
35556015
31100109
11066
11057
8539709
11050
8511682
31200150
35589149
8541661
37454175
31200104
35556056
35593182
9204
35572905
35592325
31200898
30900094
30900025
31100077
31100128
31201121
8550944
30900251
35556148
35557856
37482366
31200497
37464364
35557229
35557989
31200983
39083948
30900136
37452765
35593760
39085281
39086800
32787708
9144
35590634
9181
9189
9173
37431389
35585733
8511377
35590527
31200048
32793854
9192
9176
8545078
37462210
9141
31201314
8545508
31201320
35586392
37473878
32787302
46950680
39091305
9214
32786049
37445769
30900458
39085299
9226
39084482
35587606
31200439
9160
11058
31201016
11061
35557583
11053
35585253
8541887
8535723
35586442
8544428
31200398
32790439
8532308
37471187
31200231
35609913
35559886
8549912
8537281
37478729
31200331
37477663
37487431
37463465
37478117
37478901
35615589
35593174
31201000
31201321
37445819
35594784
35592937
35569091
37478240
31201274
37434912
31200185
35559712
37432536
35588000
31200029
31200860
37481764
37465304
31100143
37453037
35591723
35589651
35591871
35588943
35557211
31200984
35556379
35584843
35559720
35586178
32793375
37455222
30900144
37445868
37454142
31200337
9210
32794043
31200756
31100101
35567012
37455149
31200359
37483661
9178
8535772
8502343
8549698
9216
8547569
9179
8596719
9217
9169
9147
9197
9223
31201258
39088228
31200330
31200743
31100134
37452245
37459216
37458705
9159
9273
8545860
35585717
31200504
31201222
31200499
8540095
8541754
9071
9074
31200749
37478521
11072
11071
11070
11073
11075
11076
11077
35560967
35595328
31201283
37432676
37482028
31200671
31200509
35556130
35586137
31200952
35592879
37478844
31201156
32793995
35556387
35585204
35589941
9208
31100098
35592846
35557096
35594164
35559852
9201
9191
9166
39088962
37443624
35592051
37464620
30900091
37483604
31200885
9229
37471245
35560140
37443426
31200993
37464216
9145
9225
35557971
35593414
9149
9165
8545944
35559183
35587333
31200304
9220
37432635
9198
37474058
35589990
35588927
37468902
31100289
31200176
35595187
37478828
35578928
11074
11079
11078
37455107
11080
31200830
11081
39086677
31200382
35615027
37443681
11084
8542372
11083
9260
8540053
9259
9272
9072
9080
8511351
8512219
35594156
35588570
35556023
35589396
30900493
35561718
37482325
35593091
35588216
37458606
35556064
31201219
32786783
37442824
39089648
8544477
35564548
37473415
35558227
35556775
35569315
35583944
37487969
32786429
9174
37459174
31201185
9200
39088210
9205
9232
37482390
30900146
39091438
37482408
37445876
35594826
37433211
37482663
32787278
37444184
35567699
30900010
31201092
31200720
31201164
8539048
35559175
9150
9148
9154
9199
32787476
35592903
35585113
37445827
30900234
8545076
8549649
39086685
9231
31200693
32789688
11082
8511849
11090
11089
11088
11087
11086
8512177
8533991
9261
9264
9263
31100026
9075
9079
32786684
31200349
37433161
35615456
35615563
31200971
30900459
31200123
37432684
35556361
31200470
32791023
37444226
31200351
37432551
31200407
37461923
31201290
32787591
37483109
31200675
35590576
35587101
35559795
35586228
35590295
35587572
30900209
30900391
9183
46959129
35595203
9170
9202
37478752
39082999
30900243
8545987
32793300
8510437
9152
35572384
9153
37462087
37483349
32785744
39088129
37480733
39091321
35588109
8537208
9162
9146
9234
8544212
9235
37483208
37486615
30900456
35593448
35590758
35557062
35594149
8541416
9239
9238
9237
9262
8501347
11091
11085
39085760
9076
9078
11095
11097
11094
31100288
31201291
31200010
11092
9274
37432577
35560579
31100014
37452492
9258
35593810
37471872
35572228
35558003
35567749
35595401
32791965
31200782
32786734
39086297
37455487
31201178
39085117
31200012
35585568
35589834
35592242
35590436
35585444
35583894
35587077
35585147
31201192
35566915
30900045
37455453
39083914
37486656
35557054
8545037
8528900
32786817
37432445
9209
8537943
9207
9182
35614962
32793276
37481970
37446361
9155
8510684
8532027
35556924
35557674
8538172
9230
9164
32793243
35595146
35566543
32791056
35589610
31201221
37452294
31200914
31200452
32795180
32792120
37454746
8537919
9215
31200070
37479321
31201271
30900047
37454076
9196
32794720
35594917
35587382
8542737
9227
32794357
31200093
35594545
31200136
11096
31200469
9073
9077
11098
11099
35560538
37442956
35561122
35595450
11093
35557203
31079705
35591236
31201042
31100162
39083120
35588422
37454522
35569463
35614392
37478943
37486466
37432734
39089374
37435356
32792138
39088699
37432460
37443277
31200722
32785777
39085356
37482929
32790694
37487894
37464208
37486367
37482853
37480915
37462202
39087931
37482549
31201308
37482911
32790876
39084904
32786833
37483273
37486235
37483067
37432866
39082742
37462269
37464497
37487696
37487910
37432437
37482671
37440604
37486730
32791171
32794761
37452575
37483562
37486482
32789118
31100275
37482655
37477903
37461717
37488322
39082718
31200990
39084912
37454167
31200310
37483588
39085620
9268
9265
9253
9247
9276
9275
9269
37487886
39085554
37478547
37483281
31100728
39084268
31100076
32790942
31201226
32785371
37475162
37464182
32797327
35615548
39087550
32795420
32787583
30900475
35567582
35559290
35568028
37478257
35568010
37454100
32794175
32791205
31200216
37462301
35572657
35595559
39085570
37486748
35609947
39088087
32793532
35571550
35570826
37478588
35588414
37435331
35566790
35570610
35566667
35571303
37445884
35570974
37433294
31200342
35536561
37462111
39082387
32785843
11047
11032
35539292
35540993
35560777
37482838
35563771
35567517
35566865
35563821
35565883
8538602
8531565
8547445
32786866
32795222
37454563
35588174
35559977
32794480
11049
11040
11033
11034
11041
37486300
37446569
37482887
31200484
37440596
37432494
32792088
37433179
32785819
39089473
37462244
37462350
35562666
37464224
32793565
39088277
32786882
32793342
39089317
37477820
37466526
37440646
37463317
31200709
37487936
37482614
32790397
31200259
30900022
35572947
37478265
37455354
35566949
35586525
35568812
39089176
35573101
31201070
39086529
35586608
35589347
37444077
31200092
32789217
37452591
37478273
35573184
37480386
35567681
35567665
35569570
31200336
35590212
35568739
37463291
35566030
35556627
35559746
8551504
8517285
35568838
37432510
35566139
35566147
35575536
35560397
8529536
8532761
11044
11031
11045
8528173
8538115
8542471
11036
11035
11039
39086644
35558425
32787336
35571709
35562013
31200847
31201049
32794704
37440802
11046
11048
11042
32789365
11043
11038
11037
11030
39088822
37440430
37480667
37463325
39090000
39087535
37482457
37458630
37458010
37483158
37483638
39085265
35593703
31201069
35565875
37445850
30900120
35568457
35568895
37490310
37458531
37482895
32787260
37455115
35560371
35589669
37464380
35585766
35573085
35595088
35566899
35570123
35572301
35568077
39086966
32791015
39087097
35566485
37453029
35585592
35557070
32790702
37478448
35569257
35559266
35614269
35460788
8538420
35569414
37483315
37486284
35566832
35566196
8546876
8551629
8522317
35569554
35560587
35588703
35588828
37480725
35557534
39092287
37446593
32788474
37481608
32785884
37440455
37445793
37445942
35567889
31201224
37432742
35557336
35572731
31100724
37465189
31200125
37435943
39083070
37432833
37481491
39083492
35593653
37480816
35590329
31200412
35595583
35558276
37455396
35586616
35586285
35595120
31200664
37435984
39085562
37464463
31201081
37452997
39086586
37481657
37445959
37480782
32791031
31100001
37481699
31200930
35592655
35572988
35592309
37483505
9113
9100
31200677
35594750
37440745
9119
37431579
9118
9120
37480980
31101011
31200328
35557344
35576088
32786411
35594123
11012
8538958
8539303
8511518
11028
11007
11011
11010
11029
8511625
35572970
37478554
35589313
37471526
37455461
39088178
35589560
35614285
32788060
39082346
37433187
37435968
30900472
37442949
31200015
11005
11020
11021
8548021
37440760
31200186
37435992
35595492
31100690
32790314
31201035
37433088
37481749
11002
35572046
35584876
11019
8542034
8542604
8545373
11024
8522465
8545888
35585709
31200054
37433278
37481442
37481103
31200428
37452609
37471500
31200609
37483257
32788029
37483323
39089952
37462160
37470791
37471237
35557104
39092246
37481111
31201143
35566345
37444929
35594818
35558466
37442840
35615530
11004
35593018
35615522
35556007
35585410
37477911
31201228
32786585
31200764
35571576
37482820
31201242
11023
35594115
37446429
39089739
39089184
31200772
35585493
11013
31200897
35556981
37483224
35594495
31200146
31201107
31200838
37482044
37454134
30900287
37482846
31200357
37455438
31200953
31201263
35591830
35566907
35612859
35595435
37478430
35557138
37431561
31201278
11000
32786064
11025
11014
37455495
32787559
11027
31201225
37482499
35586087
35566261
39089945
35556338
37480824
37432569
37454852
35558201
35586301
11018
35595054
31201158
31200127
37433120
11009
11001
32787369
8503770
37443293
8552122
37446494
8519347
8541374
8539394
8538511
37483240
35590279
31200915
31200102
37433260
37471435
39084318
37432601
39086602
39090059
35556155
35589255
31200610
30900463
35556502
32794464
37454035
35566337
31200753
35590626
35589677
9117
9110
9112
9104
37432585
11006
37462814
11016
30900334
31200347
37440935
31100018
37481731
37478083
37446452
35586269
39092162
35593620
35557385
35556783
35557245
35586202
32790967
35586418
35593679
37487027
31200578
37481533
37464232
35557252
39084383
37480220
31200760
37440794
37440992
35579744
35556049
37483182
31200335
39091511
35592473
30900060
37440422
32787955
8506237
31200072
32787351
8539923
39092261
37478422
35557328
8543925
8513936
8527845
32785900
37454662
35556239
35615571
11026
37473910
11015
11022
8538016
35580379
37482069
11017
8548567
8533173
32786379
35615506
8539535
35594941
31200126
39092212
37478919
35556577
35594594
8551454
35592911
37432858
39089044
37482010
37433096
31200338
35558524
31200745
37455172
8539683
37468399
11003
37481228
8599580
39090885
35589495
8544436
39092196
31201132
35594685
8537760
11008
35572640
9107
9126
9130
9131
9137
37481210
31100093
35569430
35590691
30900342
35566964
37454712
39088707
35566659
39083716
35560041
32786015
39089655
37486409
39083088
35568770
31200704
37446551
39089093
37464067
37483356
37478778
30900275
37481822
37480899
37481624
35515912
35591764
35565354
39084888
35586723
30900203
35575437
35575676
35569844
32789035
37440539
37432528
37433112
39088863
35562682
9111
9108
9101
9127
9133
9138
35556551
35571766
35572509
35585295
37487381
37481160
35572418
31200672
37481855
37452914
37483414
35590063
31100073
32786106
32785868
37450603
30900092
35571527
37455156
32786718
35614251
35571337
35573374
31201312
35568101
32793789
37468324
37481053
30900326
37446395
39084961
37464893
39088145
37478216
35595237
9103
9106
31201055
9109
9128
35573317
9134
9135
9136
9139
35568796
31200463
37474652
39090034
30900375
30900181
37482879
30900023
37464448
35572962
37464422
39089671
37452344
37487845
37435273
35594867
35615498
39085232
37481806
35580064
37481947
39092097
31100017
37454514
37486219
31100141
32785769
37434938
30900272
37477960
9105
9102
9114
9121
9122
9123
9124
9125
30900169
31100059
31100002
31100149
32788540
39090547
39088202
39083732
30900312
31100279
37455180
31200282
39085257
37431439
37475121
39083609
37473951
35595104
37468951
30900078
37431603
35586780
37482168
30900065
32786031
37463267
35572178
39091354
39092121
37462004
39082395
37455073
37478737
35588687
32792047
37445835
9618
9626
9628
9615
32786643
9625
9616
39086578
35570289
30900363
37466286
39084086
37482630
37481137
39089721
39089804
35593513
37480923
32790421
9621
9622
32790462
37463374
32793763
30900011
37432205
35573069
35567509
37432726
35573309
32788532
37480956
39089028
37452815
37482481
37487159
37466450
37435224
32787625
9633
37446486
37481962
9634
9627
41100544
9617
37481863
39090018
37480964
41100574
30900073
37453060
37431595
32794001
32790371
37481939
32794787
39087014
41100346
37486557
9624
37431587
9623
37482135
35572111
9632
39091255
41100629
41100719
37464505
37464539
9006
9003
9005
9024
9027
9025
9028
9046
9058
9045
9040
9050
9004
9007
9009
9014
9029
9026
9036
9048
9061
9039
9053
9052
31200189
30900174
9002
9010
9022
9015
9013
9020
9018
9030
9035
9037
9043
9057
9062
9021
9017
9016
9023
9031
9034
9041
9042
9049
9055
9051
9054
35571006
9008
9047
9056
9011
9060
9038
9012
9059
9044
9019
9032
9033
37487985
9619
37436016
32790801
37486490
9620
37482531
32788045
37486599
37482101
35573119
35592218
39088418
37487183
41100698
37464455
35567616
37433286
37444283
37471971
37452542
32794811
35593885
37482176
31200773
37482093
31100138
31200985
32786155
31201094
41101411
31200922
35572343
41100526
35572566
37486623
35566824
30900429
35568432
37482507
39087790
32794712
35571113
37478893
37482333
37478323
37464489
31100053
32787286
35571956
35586152
35566972
35573176
41100276
31100029
35568069
9115
9116
9129
9132
80035175
80035835
80035862
80035189
80035294
80035296
80035311
80035362
80035363
80035367
80035620
80035622
80035625
80035630
80035623
80035904
80035105
80035397
80035194
80035721
80035176
80035703
80035182
80035613
80035694
80035867
80035877
80035582
80035870
80035369
80035850
80035386
80035701
80035704
80035710
80035876
80035705
80035722
80035723
80035322
80035578
80035580
80035403
80035404
80035548
80035551
80035550
80035547
80035453
80035905
80035505
80035822
80035516
80035517
80035518
80035519
80035520
80035521
80035526
80035527
80035529
80035531
80035532
80035883
80035017
80035023
80035553
80035859
80035099
80035852
80035766
80035611
80035382
80035030
80035215
80035385
80035387
80035389
80035029
80035380
80035887
80035400
80035576
80035569
80035572
80035383
80035568
80035562
80035571
80035579
80035229
80035556
80035214
80035226
80035231
80035232
80035235
80035284
80035291
80035727
80035320
80035325
80035326
80035327
80035328
80035329
80035330
80035331
80035332
80035333
80035334
80035335
80035336
80035337
80035338
80035339
80035340
80035341
80035342
80035343
80035344
80035345
80035346
80035348
80035350
80035349
80035351
80035354
80035907
80035356
80035357
80035734
80035736
80035173
80035174
80035187
80035191
80035204
80035197
80035202
80035305
80035649
80035650
80035543
80035651
80035657
80035640
80035642
80035830
80035831
80035110
80035583
80035585
80035653
80035655
80035658
80035868
80035869
80035659
80035211
80035624
80035626
80035627
80035629
80035906
80035633
80035552
80035909
80035554
80035910
80035912
80035914
80035399
80035865
80035546
80035566
80035052
80035888
80035577
80035559
80035656
80035418
80035438
80035445
80035446
80035447
80035448
80035449
80035450
80035451
80035452
80035454
80035455
80035456
80035465
80035466
80035467
80035468
80035469
80035470
80035471
80035472
80035476
80035890
80035483
80035484
80035485
80035486
80035489
80035490
80035903
80035503
80035507
80035515
80035522
80035528
80035534
80036098
80036099
80036102
80036103
80036104
80035257
80035312
80035313
80035314
80035315
80035316
80035317
80035318
80035319
80035347
80035365
80035749
80035750
80035751
80035368
80035162
80035934
80035164
80035168
80035171
80035567
80035899
80035049
80035076
80035207
80035208
80035706
80035709
80035717
80035719
80035210
80035012
80035638
80035866
80035929
80035802
80035842
80035858
80035916
80035922
80035925
80035188
80035388
80035558
80035645
80035855
80035652
80035412
80035413
80035416
80035417
80035419
80035420
80035421
80035422
80035423
80035425
80035426
80035427
80035428
80035429
80035430
80035431
80035432
80035002
80035435
80035436
80035437
80035439
80035440
80035441
80035442
80035443
80035444
80035457
80035458
80035459
80035460
80035462
80035463
80035464
80035473
80035491
80035492
80035493
80035494
80035495
80035496
80035497
80035498
80035499
80035500
80035501
80035510
80035775
80035891
80035874
80035895
80035523
80035524
80035564
80035401
80036094
80035678
80035230
80035233
80035256
80035265
80035267
80035269
80035273
80035275
80035276
80035279
80035280
80035290
80035308
80035309
80035323
80035324
80035352
80035353
80035218
80035186
80035048
80035707
80035598
80035605
80035097
80035897
80035872
80035873
80035828
80035832
80035178
80036101
80035587
80035588
80035589
80035591
80035596
80035599
80035602
80035106
80035919
80035617
80035084
80035619
80035306
80035607
80035374
80035592
80035381
80035594
80035597
80035600
80035601
80035603
80035610
80035424
80035434
80035825
80035787
80035080
80035790
80035791
80035810
80035793
80035794
80035795
80035796
80035797
80035798
80035799
80035801
80035847
80035502
80035504
80035506
80035508
80035509
80035511
80035512
80035513
80035514
80035818
80035530
80035820
80035223
80035224
80035237
80035433
80035239
80035240
80035241
80035242
80035243
80035244
80035245
80035246
80035247
80035248
80035249
80035250
80035251
80035253
80035255
80035264
80035266
80035270
80035271
80035272
80035274
80035278
80035281
80035282
80035283
80035285
80035286
80035287
80035288
80035289
80035300
80035301
80035303
80035304
80035307
80035358
80035911
80035183
80035209
80035222
80035720
80035220
80035635
80035826
80035636
80035913
80035477
80035478
80035479
80035481
80035482
80035487
80035163
70009
70002
70006
70007
70011
70003
70010
70008
80037074
80037075
80037076
80037077
80037078
80037079
80037080
80037081
80037082
80037083
80037084
80037085
80037086
80037087
80037088
80037089
80037090
80037092
80037093
80037094
80037095
80037097
80037098
80037099
80037100
80037102
80037103
80037105
80037106
80037108
80037111
80037112
80037113
80037114
80037115
80037116
80037117
80037118
80037120
80037122
80037125
80037126
80037128
80037131
80037134
80037139
80037141
80037142
80037154
80037156
80037157
80037158
80037159
80037160
80037162
80037164
80037165
80037166
80037167
80037168
80037171
80037173
80037174
80037175
80037176
80037178
80037179
80037180
80037181
80037182
80037183
80037184
80037185
80037186
80037187
80037188
80037189
80037190
80037191
80037192
80037193
80037194
80037195
80037196
80037197
80037198
80037199
80037200
80037201
80037202
80037203
80037204
80037205
80037207
80037208
80037209
80037210
80037211
80037213
80037214
80037215
80037216
80037218
80037219
80037220
80037221
80037223
80037225
80037226
80037227
80037228
80037248
80037251
80037261
80037264
80037266
80007275
80007287
80007290
80007291
80007293
80037296
80037297
80037298
80035773
80035170
80035005
80035006
80035884
80035008
80035009
80035010
80035011
80035035
80035036
80035038
80035040
80035043
80035697
80035185
80035390
80035711
5902
80035714
80035878
80035199
80035200
80035201
80035628
80035092
80035608
80033001
80035853
80035041
80035042
80035044
80035045
80035034
80035696
80035698
80035047
80035195
80035833
80035700
80035004
80035205
80035003
80035836
80035840
80035841
80035924
80035132
80035039
80035121
80035096
80035108
80035575
80035765
80035604
80035606
80035109
80035088
80035090
80035134
80035122
80035019
80035018
80035129
80035091
80035032
80035124
80035125
80035699
80035027
80035414
80035800
80035461
80035137
80035138
80035139
80035140
80035141
80035142
80035143
80035144
80035145
80035146
80035147
80035148
80035022
80035150
80035151
80035152
80035155
80035156
80035157
80035158
80035159
80035160
80035161
80035535
80035536
80035537
80035538
80035539
80035540
80035541
80035542
80035149
80035544
80035533
80035407
80035083
80035408
80035024
80035079
80035402
80035894
80035015
80035025
80035095
80035406
80035116
80035405
80035014
80035136
80035013
80035555
80035561
80035565
80035573
80035391
80035409
80035673
80036100
80035885
80035788
80035807
80035926
80035755
80035768
80035758
80035695
80035675
80035662
80035664
80035671
80035927
80035033
80035227
80035228
80035908
80035299
80035054
80035055
80035056
80035058
80035059
80035060
80035061
80035062
80035360
80037004
80037057
80037050
80035016
80037051
80037052
80035474
80037054
80037055
80037056
80037058
80037059
80035101
80035411
80037060
80037061
80037062
80037063
80037064
80037091
80037096
80037101
80037107
80037109
80037110
80037119
80037121
80037123
80037124
80037127
80037129
80037130
80037132
80037133
80037136
80037137
80037138
80037140
80037144
80037145
80037146
80037147
80037148
80037149
80037150
80037151
80037152
80037155
80037161
80037169
80037170
80037172
80037000
80037001
80037002
80037003
80037005
80037006
80037007
80037008
80037010
80037011
80037012
80037013
80037014
80037015
80037016
80037017
80037018
80037019
80037020
80037021
80037022
80037023
80037025
80037026
80037027
80037028
80037029
80037030
80037031
80037032
80037033
80037034
80037035
80037036
80037037
80037038
80037039
80037040
80037041
80037042
80037043
80037044
80037045
80037046
80037047
80037048
80037049
80035021
80035646
80037177
80039005
80039006
80039007
80037206
80037217
80039001
80039002
80039003
80039004
80037222
80039019
80039020
80039021
80039022
80037229
80039008
80039009
80039010
80037230
80039011
80039012
80037231
80037232
80037233
80037234
80037235
80037236
80037237
80037238
80037239
80037240
80037241
80037242
80037243
80037244
80037245
80039013
80039014
80039015
80039016
80037246
80037247
80037249
80037250
80037252
80037253
80037254
80037255
80037256
80037257
80037258
80037259
80037260
80037262
80037263
80037265
80039017
80039018
80037267
80037268
80037269
80007053
80037270
80007308
80007304
80035660
80035663
80035667
80035128
80035672
80035928
80035632
80035676
80035677
80035708
80035680
80035681
80035774
80035683
80035684
80035687
80035689
80035690
80035691
80035167
80035190
80035192
80035193
80035196
80035923
80035845
80035860
80035854
80035837
80035838
80035856
80035920
80035639
80035641
80035644
80035875
80035834
80035921
80035844
80035839
80035181
80035931
80035898
80035785
80035846
80035715
80035782
80035377
80035889
80035857
80035670
80035781
80035848
80035918
80035792
80035046
80035893
80035724
80035252
80035277
80035292
80035293
80035295
80035297
80035298
80035302
80035726
80035728
80035729
80035310
80035730
80035731
80035063
80035065
80035072
80035361
80035735
80035739
80035740
80035031
80035364
80035743
80035745
80035746
80035784
80035366
80035752
80035666
80035668
80035669
80035184
80035206
80035037
80035415
80035789
80035475
80035480
80035488
80035384
80035803
80035804
80035770
80035772
80035761
80035762
80035805
80035917
80035829
80035808
80035219
80035809
80035915
80035811
80035812
80035813
80035814
80035815
80035816
80035581
80035525
80035849
80035777
80035851
80035863
80035780
80035783
80035778
80035375
80035376
80035767
80035370
80035371
80035771
80035932
80035679
80035892
80035748
80035682
80035258
80035259
80035260
80035261
80035262
80035263
80035064
80035741
80037104
80037135
80037143
80037153
80037163
80005933
80005648
80007065
80007066
80007067
80007068
80007069
80007070
80007071
80007072
80007073
80037009
80037024
70005
70004
80037212
80037224
80007271
80007272
80007273
80007274
80007276
80007277
80007278
80007279
80007280
80007281
80007282
80007283
80007284
80007285
80007286
80007288
80007289
80007292
80007294
80007295
80035764
80035372
80035763
80035776
80035760
80035756
80035379
80035373
80035166
80035693
80035769
80035757
80035378
31201163
31200486
31201194
31201017
31201003
31200645
30900266
30900196
31200594
31200829
31200388
30900397
31200466
30900465
31200523
31200131
31200483
31200651
31200322
30900358
31200513
30900210
31200616
31200391
31100182
9535
30900270
31200525
30900014
41101387
31200502
41100186
31100282
31200339
30900445
31200612
31200389
31201190
31200579
31200287
31200215
31200227
31201218
37474025
32790686
31200023
31100069
31200583
31201319
30900483
31200404
31200793
31201007
31200854
31200220
31201059
31200859
31200548
37454654
37431447
37432197
37452922
37482648
37487258
35594370
37478364
37477689
32794274
37445702
37471948
37440810
35572822
35594552
35585691
39091313
37474124
37446460
35572624
35570735
35592978
31200352
39084276
32787518
37474009
37478471
39091362
37480949
37443376
35556114
35585519
35572913
37452831
37482440
37432221
37482002
37483042
37477994
32794191
37452443
37486532
37446403
39085612
39091404
32790918
39088806
37463424
39085307
37462871
39088269
35595369
39084813
39088939
37480832
39084391
39091347
32786791
35561023
31200047
39085786
39083039
39087899
37487902
32785801
31100094
30900293
30900327
37481079
37454860
31201014
37431504
30900271
37470155
37449993
35560405
35562278
31201267
37462251
37487993
31200283
39092188
35569083
35585790
37446353
39085331
37480873
37465387
35570628
31100071
37462327
35563912
37452310
31100064
37471484
37487852
37454498
35586335
37481590
39088111
37433252
35592440
35593794
37433070
37452948
37483364
35563896
37481905
30900387
35572558
37477713
30900361
37486516
35556429
35585121
31200114
35615597
37432544
37432668
37481566
39084862
37458564
30900062
39088954
37452732
32794837
39088681
39091370
32794696
37481798
37477846
37458580
37432478
37449662
37446585
39092030
35592226
39092253
39083799
31200545
37462780
39091297
32786635
32790892
32786668
37474074
30900297
30900307
31100013
31200884
31200986
31200632
31200465
31201307
31200387
37454019
31200918
35568846
35589388
30900027
31200437
30900300
32787484
35592630
35615605
37454597
35595260
9303
37482127
37478208
37475063
39084235
35592135
37468415
32785850
37445843
37483091
35572533
32793326
37477648
37440448
37454688
35565933
39085349
37471476
35566691
35593075
35583969
35573341
35593299
35567780
35590204
35572715
35573036
35590287
35563763
37467912
35556544
35562575
39084300
37431496
39092071
39091412
32788011
37481814
37481392
37474116
37458689
37481004
39092055
37454589
37478497
37483653
39083104
37440976
32794167
35572574
37464521
32786874
37462293
35568242
39088566
39084938
32786445
37454811
32786890
39090182
37462285
31201135
39082619
37482374
37481236
37454183
37433245
37486813
39084136
37481723
31200544
37454001
39085851
31155463
30900128
37455164
30900056
35572012
32793334
35564530
37455123
35570172
31200306
30900286
35587267
35610200
31100020
9241
9289
9256
9244
9280
9281
9270
9246
9245
9284
9283
9267
9287
9266
9285
9288
9250
9243
9271
9282
9251
9257
9242
9286
9252
9248
9249
8545763
8550068
8540319
8542133
8552072
8536325
8531060
8532829
8540962
8517234
8517230
8588563
8517220
8530720
8517235
8523445
8517229
8579500
8517237
8517239
8552005
8517228
8517242
8517236
8584868
8544796
8578353
8597730
8551619
8513049
8570885
8577143
8529856
8551668
8510295
8535804
8500469
8551700
8598217
8504436
8512496
8530005
8530021
8530020
8501655
8576801
8530019
8500681
8577051
8548201
8501440
8530023
8549191
8530013
8562504
8584500
8530008
8530034
8530022
8577200
8528338
8594232
8572862
8552666
8584512
8543947
8543160
8503966
8576496
8597582
8599950
8554051
8501491
8503083
8599810
8505441
8551064
8545959
8544002
8578809
8592358
8580431
8549951
8547255
8580753
8546320
8571479
8511399
8507159
8573113
8544846
8576207
8571195
8576298
8574553
8580464
8580613
8580340
8528765
8506242
8576165
8576223
8580795
8544879
14159
14160
14158
14161
14149
14165
14150
14156
14157
14148
14095
14107
14146
14147
14105
14110
14104
14102
14103
14106
14098
14093
14100
14092
14099
14094
14101
14096
14097
14108
14111
14109
8501487
8508698
8538966
8510504
8536960
8554375
8518465
8528058
8536200
8541960
8520438
8532326
8516105
8560794
8542032
8596654
8524794
8596842
8504028
8505496
8599252
8503194
8511085
8511091
8511092
8517522
8511115
8511116
8511117
8511119
8511120
8511121
8511122
8511123
8511124
8511125
8511131
8511132
8511133
8511135
8511138
8511160
8511164
8511165
8511166
8511167
8511168
8511169
8511172
8511173
8511183
8511185
8511187
8511190
8511192
8511197
8511289
8511294
8511301
8511302
8511303
8511304
8511305
8511306
8511315
8511337
8511338
8511339
8511340
8511341
8511342
8511343
8511344
8511383
8511385
8511401
8511402
8511403
8511404
8511405
8511414
8511415
8511443
8511447
8511449
8511461
8511536
8511537
8511538
8511539
8511540
8511541
8511542
8511543
8511544
8511609
8511610
8511611
8511613
8511614
8511615
8511616
8511617
8511651
8511654
8511655
8511658
8511661
8511692
8511693
8511695
8511696
8511698
8511699
8511904
8511908
8511916
8511919
8511920
8511921
8511926
8511929
8511930
8511944
8511945
8511947
8511948
8511976
8511977
8511978
8511979
8511980
8511981
8511982
8511983
8511984
8511985
8511989
8511990
8511991
8511992
8511996
8511997
8511998
8512402
8512539
8512544
8512654
8512976
8512977
8512980
8512981
8512997
8512998
8513977
8522265
8522319
8522369
8522451
8522838
800010016
800010017
800010018
800010019
800010020
800010021
800010022
800010023
800010024
800010025
80003433
80003441
80003451
80003459
80003548
80003557
80003568
80003661
80003666
80003750
80003751
80003752
80003754
80003755
80003756
80003757
80003764
80003801
80003808
80003819
80004066
80004083
80004103
80004113
80004117
80004131
80004171
80004182
80004264
80004265
80004266
80004267
80004268
80004442
80004443
80004444
80004446
80004447
80004450
80004453
80004458
80004465
80004467
80004468
80004470
80004473
80004475
80004476
80004477
80004478
80004479
80004480
80004481
80004482
80004487
80004493
80004494
80004495
80004498
80004499
80004507
80004509
80004512
80004515
80004516
80004626
80004627
80005364
80007566
80007567
80007569
80007574
80007577
80007578
80007585
80007593
80007596
80007614
80007617
80007618
80007619
80007621
80007649
80007662
80007670
80007671
80007683
80007757
80007763
80007771
80007772
80007884
80007908
80007947
80007951
80007966
80007977
80008800
80008847
80008864
80008881
80008919
80008924
80008936
80008943
80008950
80009038
80009054
80009060
80009066
80009078
80009104
80001504
80001501
80001500
80001506
80001502
80009358
80001505
80009360
80009363
80001503
80009403
80009430
80009485
80009486
80009493
80009494
80009495
80009496
80009500
80009514
80009682
80009684
80009700
80009722
80009740
80009811
80009817
80009834
80009841
80009863
80009869
80009878
80003429
80003592
80003634
80003687
80003696
80003772
80003827
80003847
80003848
80003854
80003856
80003858
80003859
80003860
80003861
80003862
80003869
80003870
80003871
80003872
80003875
80004448
80004489
80004501
80004634
80004635
80004636
80007570
80007586
80007591
80007600
80007610
80007611
80007615
80007753
80007758
80007761
80007770
80007773
80007783
80007790
80007878
80007883
80007889
80007894
80007897
80007903
80007909
80007915
80007916
80007917
80007920
80007922
80007934
80007946
80007953
80007973
80008715
80008719
80008731
80008732
80003364
80003366
80003383
80003385
80003387
80003425
80003439
80003457
80003462
80003536
80003552
80003574
80003579
80003590
80003600
80003624
80003626
80003628
80003629
80003633
80003635
80003639
80003641
80003647
80003684
80003697
80003703
80003789
80003811
80003833
80003846
80003849
80003850
80003851
80003852
80003855
80003857
80003863
80003864
80003866
80003868
80003874
80003877
80003878
80004631
80004632
80004633
14091
14090
14112
14113
14114
14115
8535962
8545407
8549219
8527706
9536450
6075564
2821420
7916640
6139899
6140327
8532995
3360270
3823780
6139840
1743050
8521659
8523671
2795640
6133160
8503574
8500406
8509274
8490650
6071506
6596144
6735840
6122347
6065207
6130613
6060539
6184908
6133161
4031660
8545989
8548249
8518754
89000702
89000703
83000016
89000704
89000705
83000015
83000012
80007575
80007580
80007582
80007587
80007589
80007590
80007595
80007597
80007598
80007599
80007601
80007603
80007605
80007606
80007607
80007608
80007609
80007612
80007616
80007622
80007625
80007627
80007628
80007629
80007630
80007631
80007632
80007633
80007634
80007635
80007636
80007637
80007638
80007639
80007640
80007641
80007642
80007644
80007645
80007646
80007648
80007652
80007657
80007658
80007659
80007660
80007661
80007664
80007666
80007669
80007672
80007673
80007674
80007679
80007681
80007682
80007684
80007685
80007686
80007687
80007688
80007689
80007690
80007692
80007698
80007751
80007756
80007764
80007765
80007768
80007769
80007774
80007775
80007779
80007788
80007789
80007792
80007794
80007796
80007797
80007800
80007802
80007809
80007810
80007813
80007815
80007818
80007819
80007821
80007822
80007823
80007825
80007826
80007827
80007828
80007829
80007830
800010012
80003369
80003391
80003426
80003427
80003430
80003431
80003434
80003435
80003436
80003437
80003440
80003442
80003444
80003447
80003449
80003450
80003452
80003453
80003456
80003458
80003460
80003461
80003529
80003530
80003532
80003534
80003535
80003537
80003538
80003539
80003542
80003543
80003544
80003546
80003547
80003549
80003550
80003554
80003558
80003560
80003561
80003562
80003563
80003567
80003569
80003570
80003573
80003576
80003578
80003580
80003584
80003585
80003589
80003593
80003594
80003595
80003598
80003599
80003611
80003622
80003623
80003627
80003637
80003640
80003644
80003645
80003646
80003648
80003649
80003652
80003653
80003654
80003655
80003656
80003659
80003664
80003665
80003667
80003668
80003669
80003670
80003671
80003672
80003673
80003677
80003678
80003679
80003683
80003688
80003690
80003691
80003692
80003702
80003734
80003736
80003737
80003738
80003739
80003740
80003741
80003742
80003743
80003744
80003745
80003746
80003747
80003748
80003749
80003766
80003767
80003770
80003771
80003775
80003776
80003777
80003778
80003779
80003780
80003781
80003782
80003783
80003785
80003786
80003787
80003790
80003791
80003792
80003794
80003795
80003798
80003799
80003800
80003802
80003803
80003804
80003805
80003806
80003807
80003809
80003810
80003812
80003813
80003814
80003815
80003816
80003817
80003818
80003820
80003821
80003823
80003825
80003826
80003828
80003832
80003839
80003842
80003865
80003876
80004082
80004441
80004445
80004455
80004459
80004460
80004461
80004462
80004464
80004469
80004474
80004484
80004486
80004491
80004502
80004504
80004517
80004520
80004601
80004603
80004604
80004605
80004606
80004607
80004609
80004610
80004611
80004614
80004615
80004617
80004618
80004619
80004620
80007594
80007877
80007893
80007905
80007910
80007911
80007948
80007949
80007958
80007959
80007960
80007963
80007965
80007970
80008700
80008701
80008711
80008749
80008798
80008875
80008885
80001507
80001508
80009482
80009487
80009509
80009707
800010013
800010014
800010015
80003361
80003362
80003363
81004603
80003365
80003367
80003368
80003370
80003371
80003373
80003374
80003375
80003376
80003377
80003378
80003379
80003380
80003381
80003382
80003384
80003386
80003389
80003390
80003392
80003393
80003394
80003395
80003396
80003397
80003428
80003438
80003443
80003445
80003446
80003448
80003454
80003455
80003531
80003533
80003540
80003541
80003545
80003551
80003553
80003555
80003556
80003559
80003564
80003565
80003566
80003571
80003572
80003575
80003577
80003581
80003582
80003583
80003586
80003587
80003588
80003591
80003596
80003597
80003606
80003607
80003608
80003609
80003610
80003612
80003613
80003614
80003615
80003616
80003617
80003618
80003619
80003620
80003621
80003625
81004610
80003630
80003631
80003632
80003636
80003638
80003642
80003643
80003650
80003651
80003657
80003658
80003660
80003662
80003663
80003674
80003675
80003676
80003680
80003681
80003682
80003685
80003686
80003689
80003693
80003694
80003695
80003698
80003699
80003700
80003701
81004620
80003704
80003705
80003706
80003768
80003769
80003773
80003774
80003784
80003788
80003793
80003796
80003797
80003822
80003824
80003829
80003830
80003831
80003834
80003835
80003836
80003837
80003838
80003840
80003841
80003843
80003844
80003845
80003853
80003867
80003873
80004179
80004222
80004497
80004591
80004592
80004593
80004594
80004595
80004596
80004597
80004598
80004599
80004600
80004602
80004608
80004612
80004613
80004616
80004621
80004622
80004623
80004624
80004625
80004628
80004629
80004630
80004655
80004656
80004657
80004658
80004659
80004660
80004661
80004662
80004663
80004664
80123046
80028089
80028063
80223026
80028075
80023081
80028077
80812037
80028094
80617082
80028097
80220092
80228064
80918114
80204059
80205094
80023037
80203040
80203026
80520017
80211104
80228065
80220100
80028062
80023059
80123045
80206010
80220101
80228054
80028065
80023043
80604069
80205093
80228038
80205089
80220099
80220095
80205091
80918054
80228044
85004301
85004328
85004343
85004357
85004382
85004400
85004406
85004407
85004411
85004416
85004417
85004419
85004420
85004422
85004430
85004439
85004441
85004446
85004448
85004449
85004451
85004452
85004459
85004470
85004475
85004477
85004478
85004482
85004483
85004485
85004486
85004488
85004491
85004492
85004493
85004495
85004496
85004497
85004498
85004499
85004500
85004502
85004503
85004505
85004506
85004507
85004508
85004509
85004511
85004512
85004513
85004518
85004519
85004521
85004534
85004536
85004773
85004774
85004776
85004778
85004782
85004787
85004793
85004795
85004796
85004797
85004836
85004838
85004839
85004840
85004842
85004843
85004911
85004912
85004913
85004914
85004915
85004916
85004917
85004918
85004919
85004920
85004921
85004922
85004923
85004924
85004925
85004926
85004927
85004936
85004958
85004960
85004971
85004978
85007302
85007304
85007305
85007307
85007308
85007311
85007312
85007314
85007317
85007319
85007321
85007324
85007326
85007331
85007333
85007335
85007349
85007356
85007365
85007373
85007399
85007402
85007403
85007405
85007410
85007412
85007413
85007414
85007415
85007424
85007432
85007435
85007442
85007447
85007771
85007772
85007775
85007779
85007783
85007791
85007929
85007930
85007931
85007932
85007933
85007934
85007935
85007937
85007938
85007939
85007940
85007941
85007942
85007943
85007962
85007964
85007965
85007966
85007968
85007969
85007970
85007973
85007975
85007976
85007977
85007979
85007980
85007981
85007985
85007998
85002300
85002310
85002316
85002318
85002322
85002323
85002332
85002334
85002336
85002337
85002339
85002340
85002341
85002342
85002344
85002345
85002346
85002347
85002348
85002350
85002351
85002352
85002353
85002354
85002355
85002360
85002361
85002362
85002376
85002379
85002384
85002385
85002386
85002394
85002396
85002398
85002781
85002784
85002785
85002807
85002808
85002809
85002810
85002811
85002812
85002813
85002814
85002815
85002816
85002817
85002823
85002824
85002825
85002826
85002827
85002828
85002829
85002830
85002928
85002949
85002950
85002951
85002952
85002953
85002954
85002955
85002956
85002957
85002959
85002963
85002982
85002983
85002984
85002986
85002987
85002988
85002989
85002990
85002991
85002992
85002993
85002994
85002995
85002996
85002997
85002999
85003313
85003315
85003325
85003327
85003338
85003358
85003359
85003366
85003367
85003369
85003372
85003374
85003375
85003378
85003380
85003383
85003387
85003390
85003392
85003393
85003395
85003423
85003425
85003426
85003427
85003428
85003429
85003433
85003437
85003438
85003443
85003444
85003455
85003457
85003461
85003462
85003463
85003465
85003466
85003468
85003474
85003514
85003515
85003517
85003522
85003523
85003524
85003525
85003533
85003535
85003537
85003545
85003546
85003770
85003777
85003780
85003786
85003788
85003789
85003790
85003792
85003794
85003799
85003800
85003801
85003802
85003803
85003804
85003805
85003806
85003818
85003819
85003820
85003821
85003822
85003831
85003832
85003833
85003837
85003841
85003900
85003901
85003902
85003903
85003904
85003905
85003906
85003907
85003908
85003909
85003910
85003944
85003945
85003946
85003947
85003948
85003961
85003967
85003972
85003974
80203061
80813054
80108164
80023058
81128064
80217106
80220096
80205098
80028040
80526002
80223063
80217102
80223053
80225036
80023019
80023031
80128039
80220082
80023036
80604071
80223052
80023060
80025057
80223028
80225022
31201082
31201207
31200995
31201199
31201303
31201301
31200943
31201138
31201332
31200802
31201137
31201141
31201247
31201072
31200406
31200963
31201077
31201273
31200832
31201012
31200870
31200912
31201071
8535001
8535002
8535003
8535004
8535005
8535006
8535007
8535008
8535009
8535010
8535011
8535012
8535013
8535014
8535015
8535016
8535017
8535018
8535019
8535020
8535021
8535022
8535023
83008079
83000001
83000002
83000003
83000021
83000022
83000006
83000024
83000018
83000019
83000007
83000008
89000706
89000701
83000010
83000023
80009301
80009302
80009303
80009305
80009306
80009307
80009308
80009309
80009310
80009311
80009313
80009314
80009315
80009316
80009317
80009318
80009321
80009322
80009323
80009324
80009325
80009326
80009327
80009328
80009329
80009330
80009331
80009332
80009333
80009334
80009335
80009336
89000002
89000013
89000017
89000019
89000022
89000023
89000027
89000028
89000030
89000031
89000033
89000035
89000036
89000037
89000039
89000040
89000041
89000042
89000048
89000049
89000050
89000052
89000054
89000055
89000058
89000059
89000060
89000061
89000062
89000063
89000065
89000066
89000067
89000068
89000069
89000070
89000072
89000073
89000074
89000075
89000076
89000077
89000078
89000079
89000080
89000081
89000083
89000084
89000085
89000086
89000087
89000088
89000089
89000090
89000092
89000093
89000094
89000095
89000098
89000099
89000100
89000101
89000102
89000103
89000104
89000105
89000106
89000107
89000109
89000110
89000111
89000112
89000113
89000114
89000117
89000125
89000127
89000139
89000145
89000155
89000160
89000166
89000170
89000173
89000174
89000178
89000192
89000197
89000199
89000202
89000203
89000204
89000205
89000206
89000207
89000401
89000402
89000403
89000404
89000405
89000406
89000407
89000408
89000409
89000410
89000411
89000412
89000413
89000414
89000415
89000416
89000417
89000418
89000419
89000420
89000421
89000422
89000423
89000424
89000425
89000426
89000427
89000428
89000429
89000430
89000431
89000432
89000433
89000434
89000435
89000436
89000437
89000438
89000439
89000440
89000441
89000442
89000443
89000501
89000502
89000503
89000504
89000505
89000506
89000507
89000508
89000509
89000510
89000610
89000614
89000615
89000616
89000617
89000622
89000623
89000625
89000626
89000628
89000630
89000631
89000632
89000633
89000636
89000637
89000638
89000639
89000201
89000208
89000209
80009300
80009312
80009821
31200112
31200148
89000700
31200147
14153
14154
12313
14152
14151
31200137
31200119
81010535
81010601
81011741
81011742
81015710
81015711
81017701
81017702
81018700
81018704
81021984
81022303
81022310
81023302
81025130
81025332
31000350
81026810
41100462
30900242
31201101
30900117
31200250
31201198
31200748
30900046
31200629
37474066
31201270
30900072
31100183
31201336
31200740
31200536
30900104
31200789
31100184
31200118
31100102
31201256
41100619
31200555
30900328
30900145
31100273
37483141
31100019
31100112
37481525
37454530
37459067
81010100
81010101
81010102
81010103
81010104
81010105
81010106
81010107
81010108
81010109
80628064
80926019
80626053
81010113
81010114
81010115
81010116
81010117
81010118
81010119
81010120
80628065
81010202
80628070
81010405
81010415
81010417
81010418
81010419
81010420
81010421
81010423
81010424
81010425
81010426
81010427
81010428
81010430
81010431
81010432
81010433
81010434
81010435
81010436
81010437
81010438
81010440
81010441
81010442
81010443
81010444
81010447
81010448
81010449
81010450
81010503
81010504
81010505
81010507
81010508
81010510
81010511
81010513
81010518
81010519
81010520
81010521
81010523
81010524
81010525
81010526
81010537
81010539
81010542
81010543
81010544
81010545
81010546
81010547
81010548
81010549
81010550
81010551
81010552
81010553
81010554
81010608
81010609
81010617
81010621
81010622
81010623
81010630
81010631
81010632
81010633
81010640
81010643
81010646
81010650
81010656
81010686
81010690
81010691
81025103
81025104
81025113
81025114
81025115
81025119
81025120
81025121
81025122
81025131
81025132
81025133
81025194
81025199
81025200
81025201
81025202
81025204
81025205
81025206
81025207
81025208
81025209
81025210
81025211
81025212
81025213
81025214
81025215
81025217
81025218
81025219
81025220
81025221
81025278
81025301
81025305
81025307
81025316
81025319
81025320
81025323
81025325
81025326
81025327
81025328
81025329
81025335
81025336
81025338
81025339
81025340
81025341
81025342
81025343
81025344
81025345
81025346
81025347
81025348
81025349
81025350
81025351
81025352
81025353
81025354
81025355
81025356
81025357
81025358
81025359
80419053
81025361
81025401
81025405
81025419
81025421
81025423
81025425
81025426
81025427
81025500
81025501
81025502
81025503
81025504
81025505
81025506
81025600
81025601
81025602
81025603
81025604
81025605
81025923
81025924
81025925
81025926
81025927
81011023
81011024
81011025
81011026
81011027
81011028
81011029
81011030
81011053
81011065
81011081
81011082
81011084
81011085
81011087
81011090
81011094
81011095
81011096
81011097
81011098
81011099
81011101
81011103
81011104
81011105
81011106
81011107
81011108
81011109
81011110
81011111
81011112
81011113
81011114
81011115
81011116
81011117
81011118
81011119
81011120
81011121
81011122
81011123
81011124
81011125
81011202
81011325
81011327
81011329
81011330
81011331
81011332
81011333
81011334
81011335
81011337
81011338
81011339
81011340
81011341
81011342
81011343
81011344
81011345
81011348
81011349
81011350
81011351
81011352
81011353
81011357
81011359
81011360
81011362
81011363
81011368
81011370
81011371
81011372
81011373
81011374
81011376
81011383
81011384
81011386
81011387
81011401
81011402
81011403
81011404
81011405
81011406
81011407
81011408
81011409
81011410
81011411
81011412
81011413
81011414
81011415
81011416
81011417
81011418
81011419
81011420
81011421
81011422
81011423
81011424
81011425
81011426
81011427
81011428
81011429
81011430
81011431
81011432
81011433
13099
81013001
81013003
81013005
81013009
81013013
81013014
81013018
81013019
81013021
81013022
81013023
81013025
81013028
81013030
81013032
81013035
81013036
81013041
81013045
81013047
81013049
81013053
81013054
81013056
81013063
81013067
81013068
81013071
81013072
81013073
81013074
81013075
81013077
81013078
81013079
81013081
81013082
81013085
81013086
81013088
81013089
81013090
81013095
81013096
81013210
81013302
81013304
81013308
81013312
81013315
81013316
81013317
81013318
81013407
81013416
81013421
81013435
81013439
31101242
81013459
81013460
81013462
81013463
81013464
81013467
81013468
81013469
81013470
81013472
81013473
81013474
81013475
81013476
81013477
81013478
81013501
81013502
81013503
81013504
81013505
81013506
81013507
81013508
81013509
81013510
81013511
81013512
81013513
81013514
81013601
81013602
81013603
81013604
81013605
81013606
81013607
81013608
81013609
81013610
81013611
81013612
81013613
81013614
81013615
81013616
81013617
81013620
81013621
13701
81217088
80123190
80123196
13705
80122070
13707
13708
13709
81013710
81220029
81220026
81013713
81013714
80123187
80123192
81013904
81013905
81013906
81013907
81013908
81013909
81013910
81013911
81013912
81013913
81013914
81013917
81013919
81013920
81015001
81015002
81015003
81015004
81015005
81015006
81015007
81015008
81015011
81015012
81015013
81015014
81015016
81015020
81015021
81015022
81015024
81015025
81015026
81015028
81015029
81015030
81015031
81015032
81015034
81015035
81015036
81015037
81015039
81015040
81015041
81015042
81015043
81015044
81015045
81015046
81015049
81015050
81015051
81015052
81015053
81015054
81015056
81015057
81015059
81015060
81015061
81015062
81015063
81015064
81015065
81015066
81015067
81015068
81015069
81015071
81015073
81015075
81015077
81015078
81015092
81015095
81013479
81015099
81015103
81015104
81015105
81015106
81015107
81015109
81015110
81015111
81015112
81015113
81015114
81015115
81015117
81015118
81015119
81015120
81015121
81015123
81015124
81015125
81015127
81015128
81015129
81015130
81015131
81015132
81015203
81015206
81015207
81015208
81015211
81015212
81015213
81015214
81015215
81015216
81015217
81015218
81015219
81406062
80306016
80306154
80331036
81015224
80329199
80331031
80331037
80331035
80329197
80329198
80207044
80329200
80331039
81015234
80331040
81015301
81015302
81015303
81015304
81015305
81015306
81015307
81015317
81015409
81015679
81015689
81017001
81017002
81017003
81017004
81017008
81017009
81017010
81017011
81017012
81017013
81017014
81017015
81017017
81017018
81017019
81017020
81017021
81017027
81017029
81017030
81017034
81017037
81017038
81017040
81017041
81017044
81017045
81017046
81017047
81017049
81017069
81017070
81017071
81017072
81017073
81017074
81017077
81017083
81017084
81017087
81017088
81017089
81017090
81017091
81017092
81017093
81017094
81017095
81017101
81017103
81017107
81017108
81017109
81017111
81017307
81017309
81017310
81017400
81017401
81017402
81017403
81017405
81017406
81017407
81017408
81017409
81017410
81017411
81017412
81017413
81107080
81111032
81107078
81107077
81017418
81017419
81017420
81017421
80220188
81017501
81017502
81017503
81017504
81017505
80406060
80406064
80406062
80406065
81017535
81017546
81017553
81017568
81017577
81017589
81017590
81017595
81017627
81017653
81017654
81017655
81017656
81017657
81017005
81017006
81017007
81017022
81017023
81017024
81017025
81017026
81017042
81017048
81017051
81017055
81017057
81017060
81017063
81017064
81017065
81017066
81017067
81017068
81017075
81017078
81017080
81017104
81017105
81017106
81017201
81017202
81017203
81017204
81017205
81017206
81017207
81017208
81017209
81017306
81017308
81017311
81017312
81017313
81017314
81017315
81017316
81017601
81018017
81018021
81018038
81018039
81018040
81018041
81018101
81018102
81018106
81018108
81018110
81018111
81018113
81018120
81018121
81018138
81018139
81018140
81018141
81018142
81018143
81018144
81018145
81018146
81018148
81018151
81018153
81018155
81018157
81018158
81018159
81018160
81018162
81018163
81018164
81018165
81018167
81018168
81018169
81018170
81018171
81018172
81018173
81018174
81018176
81018177
81018179
81018180
81018181
81018182
81018183
81018185
81018186
81018187
81018188
81018190
81018191
81018193
81018194
81018195
81018196
81018197
81018198
81018199
81018200
81018201
81018202
81018203
81018204
81018205
81018206
81018207
81018208
81018209
81018211
81018212
81018213
81018216
81018315
81018316
81018318
81018319
81018320
81018321
81018322
81018324
81018325
81018326
81018329
81018330
81018331
81018333
81018335
81110073
81206179
81206186
81206185
81018908
81018909
81018910
81018911
81018912
81018913
81018914
81018915
81018916
81018917
81018918
81018919
81018920
81018921
81018922
81018923
81018924
81018925
81018926
81018927
81018928
81018929
80628134
80626055
80626056
80626054
80626051
80926017
80628071
80628066
80628072
80628067
80628062
80626059
80628063
80926018
80628135
80628080
80926020
80628069
80628073
80628078
80628077
80628079
80626048
80628076
80626045
81026044
81026042
81026045
81026046
81026043
81026041
80628141
80926023
81026037
81021035
81026035
81026039
81026036
80628061
81026033
81026055
81026038
80628140
81026060
81021045
81021046
81021047
81021048
81021049
81021050
81021051
81021052
81021053
81021054
81021055
81021056
81021104
81021114
81021116
81021125
81021126
81021127
81021129
81021130
81021133
81021135
81021136
81021137
81021138
81021139
81021140
81021141
81021150
81021162
81021163
81021164
81021165
81021166
81021167
81021168
81021169
81021170
81021171
81021172
81021173
81021174
81021204
81021205
81021208
81021209
81021210
81021211
81021212
81021213
81021214
81021215
81021216
81021217
81021218
81021219
81021220
81021221
81021222
81021223
81021224
81021225
81021226
81021227
81021228
81021229
81021230
81021231
81021232
81021233
81021234
81021235
81021236
81021237
81021238
81021239
81021240
81021241
81021242
81021243
81021244
81021301
81021302
81021303
81021304
81021305
81021306
81021307
81021308
81021309
81021310
81021311
81021312
81021313
81021314
81021315
81021316
81021317
81021318
81021319
81021320
81021321
81021322
81021323
81021324
81021325
81021326
81021327
81021328
81021329
81021330
81021331
81021332
81021333
81021334
81021335
81021336
81021337
81021338
81021339
81021340
80303017
80210010
80303032
80303016
80303015
80331145
80331151
80331142
80331144
80331141
80331143
81021501
81021502
81021503
81021504
81021505
81021506
81021507
81021508
81021509
81021510
81021605
81021606
81021659
81021660
81021676
81021678
81021683
81021686
81021687
81021689
81021691
81021697
81021699
81021743
81021746
81021753
81021761
81021765
81021771
81021791
81021793
81021796
81021798
81021799
81021804
81021805
81021806
81021807
81021811
81021812
81021813
81021816
81021817
81021818
81021819
81021820
81021821
81021829
81021839
81021854
81021857
81021860
81021861
81021862
81021863
81021864
81021865
81021866
81021867
81021868
81021885
81021906
81021919
81021925
81021926
81021933
81021937
81021940
81021941
81021942
81021944
81021949
81021958
81021960
81021961
81021962
81021964
81021965
81021966
81021967
81021972
81021973
81021974
81021975
81021976
81021979
81021982
81021983
81021985
81021986
81021987
81021988
81021989
81021990
81021991
81021992
81021993
81021994
81021995
81021996
81021997
81021998
81021999
81023108
81023125
81023120
81023121
81023101
81023102
81023103
81023104
81023105
81023110
81023111
81023112
81023118
81022113
81022114
81022115
81022116
81022117
81022118
81022119
81022120
81022121
81022122
81022302
81022311
81022312
81022313
81022316
81022317
81022318
81022319
81022320
81022321
81022322
81022323
81022324
81022325
81022326
81022327
81022328
81022329
81022330
81022331
81022334
81022335
81022336
81022338
81022339
81022340
81022341
81022342
81022343
81022344
81022400
81022401
81022402
81022403
81022404
81022405
81022406
81022407
81022408
81022409
81022410
81022411
81022412
81022413
81022414
81022415
81022416
81022417
81022418
81022419
81022420
81022421
81022422
81022423
81022424
81022425
81022426
81022427
81022428
81022429
81022430
81022431
81022432
81022433
81022434
81022435
81022438
81022440
81022441
81022442
81022448
81022449
81022450
81022451
81022452
81022453
81022500
81022502
81022503
81022507
81022508
81022509
81022510
81022512
81022513
81022514
81022515
81022516
81022517
81022518
81022519
81023106
81023107
81023109
81023113
81023114
81023115
81023116
81023117
81023119
81023122
81023123
81023124
81023201
81023202
81023203
81023204
81023205
81023206
81023207
81023208
81023209
81023210
81023211
81023212
81023213
81023214
81023215
81023216
81023217
81023218
81023219
81023220
81023221
81023222
81023223
81023224
81023304
81023305
81023306
81023307
81023308
81023311
81023312
81023314
81023315
81023316
81023317
81023318
81023319
81023320
81023321
81023322
81023323
81023324
81023325
81023326
81023327
81023328
810233290
81023330
81023331
81023332
81023333
81023334
81023335
81023336
81023337
81023338
81023339
81023340
81023402
81023403
81023405
81023406
81023407
81023408
81023409
81023410
81023411
81023412
81023413
81023414
81023415
81023416
81023417
81023418
81023420
81023421
81023422
81023423
81023424
81023425
81023426
81023427
81023428
81023429
81023430
81023431
81023432
81023433
81023434
81023435
81023436
81023437
81023438
81023501
81023502
81023503
81023504
81023505
81023506
81023507
81023508
81023509
81023510
81023511
81023512
81023513
81023514
81023515
81023516
81023517
81023518
81023519
81023520
81023521
81023522
81023523
81023524
81023525
81023836
81023838
81023839

80531149
80329188
80331003
80331027
80331123
80331004
80331030
80331026
80331028
80331005
80628143
80628138
80628132
80628144
80628148
80628145
80628139
80926021
80810009
80926022
81026032
81026040
81026047
81026048
81026049
81026051
81026052
81026054
81026056
81026058
81026059
80628136
81026062
81026064
81026201
81026202
81026205
81026401
81026402
81026403
81026404
81026405
81026406
81026407
81026408
81026409
81026410
81026411
81026412
81026413
81026414
81026415
13036
81026805
81026808
81026809
81026811
81026812
81026813
81026814
81026815
81026816
81026817
81026818
81026819
81026820
81026822
81026823
81026824
81026825
81026826
81026827
81026829
81026831
81026832
81026833
81026834
81026835
81026836
81026837
81026838
81026839
81026840
81026841
81026842
81026843
81026845
81026846
81026848
81026850
81026851
81026852
81026853
81026854
81026855
81026858
81026859
81026860
81026861
81026862